255 255 255 255 255 255 255 237 237 255 255 255 255 255 255 255
255 255 255 255 196 115  46  45  45  46 115 196 255 255 255 255
255 255 255 141  66 137 216 248 248 216 137  66 141 255 255 255
255 255 141  90 201 255 255 220 220 255 255 201  90 141 255 255
255 196  66 201 255 255 255 186 186 255 255 255 201  66 196 255
255 115 137 255 255 255 255 151 151 255 255 255 255 137 115 255
255  46 216 255 255 255 255 116 116 255 255 255 255 216  46 255
237  45 252 255 255 255 255   7   3 116 151 186 220 248  45 237
237  45 252 255 255 255 255  16   7 116 151 186 220 248  45 237
255  46 216 255 255 255 255 255 255 255 255 255 255 216  46 255
255 115 137 255 255 255 255 255 255 255 255 255 255 137 115 255
255 196  66 201 255 255 255 255 255 255 255 255 201  66 196 255
255 255 141  90 201 255 255 255 255 255 255 201  90 141 255 255
255 255 255 141  66 137 216 252 252 216 137  66 141 255 255 255
255 255 255 255 196 115  46  45  45  46 115 196 255 255 255 255
255 255 255 255 255 255 255 237 237 255 255 255 255 255 255 255
255 255 255 255 255 255 255 237 237 255 255 255 255 255 255 255
255 255 255 255 196 115  46  45  45  46 115 196 255 255 255 255
255 255 255 141  66 137 216 248 248 216 137  66 141 255 255 255
255 255 141  90 201 255 255 220 220 255 255 201  90 141 255 255
255 196  66 201 255 255 255 186 186 255 255 255 201  66 196 255
255 115 137 255 255 255 255 151 151 255 255 255 255 137 115 255
255  46 216 255 255 255 255 116 116 255 255 255 255 216  46 255
237  45 252 255 255 255 255   7   3 116 151 186 220 248  45 237
237  45 252 255 255 255 255  16   7 116 151 186 220 248  45 237
255  46 216 255 255 255 255 255 255 255 255 255 255 216  46 255
255 115 137 255 255 255 255 255 255 255 255 255 255 137 115 255
255 196  66 201 255 255 255 255 255 255 255 255 201  66 196 255
255 255 141  90 201 255 255 255 255 255 255 201  90 141 255 255
255 255 255 141  66 137 216 252 252 216 137  66 141 255 255 255
255 255 255 255 196 115  46  45  45  46 115 196 255 255 255 255
255 255 255 255 255 255 255 237 237 255 255 255 255 255 255 255
255 255 255 255 255 255 255 237 237 255 255 255 255 255 255 255
255 255 255 255 196 115  46  45  45  46 115 196 255 255 255 255
255 255 255 141  66 137 216 248 248 216 137  66 141 255 255 255
255 255 141  90 201 255 255 220 220 255 255 201  90 141 255 255
255 196  66 201 255 255 255 186 186 255 255 255 201  66 196 255
255 115 137 255 255 255 255 151 151 255 255 255 255 137 115 255
255  46 216 255 255 255 255 116 116 255 255 255 255 216  46 255
237  45 252 255 255 255 255   7   3 116 151 186 220 248  45 237
237  45 252 255 255 255 255  16   7 116 151 186 220 248  45 237
255  46 216 255 255 255 255 255 255 255 255 255 255 216  46 255
255 115 137 255 255 255 255 255 255 255 255 255 255 137 115 255
255 196  66 201 255 255 255 255 255 255 255 255 201  66 196 255
255 255 141  90 201 255 255 255 255 255 255 201  90 141 255 255
255 255 255 141  66 137 216 252 252 216 137  66 141 255 255 255
255 255 255 255 196 115  46  45  45  46 115 196 255 255 255 255
255 255 255 255 255 255 255 237 237 255 255 255 255 255 255 255

255 255 255 255 255 255 255 237 237 255 255 255 255 255 255 255
255 255 255 255 196 115  46  45  45  46 115 196 255 255 255 255
255 255 255 141  66 137 216 248 248 216 137  66 141 255 255 255
255 255 141  90 201 255 255 220 220 255 255 201  90 141 255 255
255 196  66 201 255 255 255 186 186 255 255 255 201  66 196 255
255 115 137 255 255 255 255 151 151 255 255 255 255 137 115 255
255  46 216 255 255 255 255 116 116 255 255 255 255 216  46 255
237  45 248 220 186 151 116   3   7 255 255 255 255 252  45 237
237  45 248 220 186 151 116   7  16 255 255 255 255 252  45 237
255  46 216 255 255 255 255 255 255 255 255 255 255 216  46 255
255 115 137 255 255 255 255 255 255 255 255 255 255 137 115 255
255 196  66 201 255 255 255 255 255 255 255 255 201  66 196 255
255 255 141  90 201 255 255 255 255 255 255 201  90 141 255 255
255 255 255 141  66 137 216 252 252 216 137  66 141 255 255 255
255 255 255 255 196 115  46  45  45  46 115 196 255 255 255 255
255 255 255 255 255 255 255 237 237 255 255 255 255 255 255 255
255 255 255 255 255 255 255 237 237 255 255 255 255 255 255 255
255 255 255 255 196 115  46  45  45  46 115 196 255 255 255 255
255 255 255 141  66 137 216 248 248 216 137  66 141 255 255 255
255 255 141  90 201 255 255 220 220 255 255 201  90 141 255 255
255 196  66 201 255 255 255 186 186 255 255 255 201  66 196 255
255 115 137 255 255 255 255 151 151 255 255 255 255 137 115 255
255  46 216 255 255 255 255 116 116 255 255 255 255 216  46 255
237  45 248 220 186 151 116   3   7 255 255 255 255 252  45 237
237  45 248 220 186 151 116   7  16 255 255 255 255 252  45 237
255  46 216 255 255 255 255 255 255 255 255 255 255 216  46 255
255 115 137 255 255 255 255 255 255 255 255 255 255 137 115 255
255 196  66 201 255 255 255 255 255 255 255 255 201  66 196 255
255 255 141  90 201 255 255 255 255 255 255 201  90 141 255 255
255 255 255 141  66 137 216 252 252 216 137  66 141 255 255 255
255 255 255 255 196 115  46  45  45  46 115 196 255 255 255 255
255 255 255 255 255 255 255 237 237 255 255 255 255 255 255 255
255 255 255 255 255 255 255 237 237 255 255 255 255 255 255 255
255 255 255 255 196 115  46  45  45  46 115 196 255 255 255 255
255 255 255 141  66 137 216 248 248 216 137  66 141 255 255 255
255 255 141  90 201 255 255 220 220 255 255 201  90 141 255 255
255 196  66 201 255 255 255 186 186 255 255 255 201  66 196 255
255 115 137 255 255 255 255 151 151 255 255 255 255 137 115 255
255  46 216 255 255 255 255 116 116 255 255 255 255 216  46 255
237  45 248 220 186 151 116   3   7 255 255 255 255 252  45 237
237  45 248 220 186 151 116   7  16 255 255 255 255 252  45 237
255  46 216 255 255 255 255 255 255 255 255 255 255 216  46 255
255 115 137 255 255 255 255 255 255 255 255 255 255 137 115 255
255 196  66 201 255 255 255 255 255 255 255 255 201  66 196 255
255 255 141  90 201 255 255 255 255 255 255 201  90 141 255 255
255 255 255 141  66 137 216 252 252 216 137  66 141 255 255 255
255 255 255 255 196 115  46  45  45  46 115 196 255 255 255 255
255 255 255 255 255 255 255 237 237 255 255 255 255 255 255 255

255 255 255 255 255 255 255 237 237 255 255 255 255 255 255 255
255 255 255 255 196 115  46  45  45  46 115 196 255 255 255 255
255 255 255 141  66 137 216 252 252 216 137  66 141 255 255 255
255 255 141  90 201 255 255 255 255 255 255 201  90 141 255 255
255 196  66 201 255 255 255 255 255 255 255 255 201  66 196 255
255 115 137 255 255 255 255 255 255 255 255 255 255 137 115 255
255  46 216 255 255 255 255 255 255 255 255 255 255 216  46 255
237  45 248 220 186 151 116   7  16 255 255 255 255 252  45 237
237  45 248 220 186 151 116   3   7 255 255 255 255 252  45 237
255  46 216 255 255 255 255 116 116 255 255 255 255 216  46 255
255 115 137 255 255 255 255 151 151 255 255 255 255 137 115 255
255 196  66 201 255 255 255 186 186 255 255 255 201  66 196 255
255 255 141  90 201 255 255 220 220 255 255 201  90 141 255 255
255 255 255 141  66 137 216 248 248 216 137  66 141 255 255 255
255 255 255 255 196 115  46  45  45  46 115 196 255 255 255 255
255 255 255 255 255 255 255 237 237 255 255 255 255 255 255 255
255 255 255 255 255 255 255 237 237 255 255 255 255 255 255 255
255 255 255 255 196 115  46  45  45  46 115 196 255 255 255 255
255 255 255 141  66 137 216 252 252 216 137  66 141 255 255 255
255 255 141  90 201 255 255 255 255 255 255 201  90 141 255 255
255 196  66 201 255 255 255 255 255 255 255 255 201  66 196 255
255 115 137 255 255 255 255 255 255 255 255 255 255 137 115 255
255  46 216 255 255 255 255 255 255 255 255 255 255 216  46 255
237  45 248 220 186 151 116   7  16 255 255 255 255 252  45 237
237  45 248 220 186 151 116   3   7 255 255 255 255 252  45 237
255  46 216 255 255 255 255 116 116 255 255 255 255 216  46 255
255 115 137 255 255 255 255 151 151 255 255 255 255 137 115 255
255 196  66 201 255 255 255 186 186 255 255 255 201  66 196 255
255 255 141  90 201 255 255 220 220 255 255 201  90 141 255 255
255 255 255 141  66 137 216 248 248 216 137  66 141 255 255 255
255 255 255 255 196 115  46  45  45  46 115 196 255 255 255 255
255 255 255 255 255 255 255 237 237 255 255 255 255 255 255 255
255 255 255 255 255 255 255 237 237 255 255 255 255 255 255 255
255 255 255 255 196 115  46  45  45  46 115 196 255 255 255 255
255 255 255 141  66 137 216 252 252 216 137  66 141 255 255 255
255 255 141  90 201 255 255 255 255 255 255 201  90 141 255 255
255 196  66 201 255 255 255 255 255 255 255 255 201  66 196 255
255 115 137 255 255 255 255 255 255 255 255 255 255 137 115 255
255  46 216 255 255 255 255 255 255 255 255 255 255 216  46 255
237  45 248 220 186 151 116   7  16 255 255 255 255 252  45 237
237  45 248 220 186 151 116   3   7 255 255 255 255 252  45 237
255  46 216 255 255 255 255 116 116 255 255 255 255 216  46 255
255 115 137 255 255 255 255 151 151 255 255 255 255 137 115 255
255 196  66 201 255 255 255 186 186 255 255 255 201  66 196 255
255 255 141  90 201 255 255 220 220 255 255 201  90 141 255 255
255 255 255 141  66 137 216 248 248 216 137  66 141 255 255 255
255 255 255 255 196 115  46  45  45  46 115 196 255 255 255 255
255 255 255 255 255 255 255 237 237 255 255 255 255 255 255 255

255 255 255 255 255 255 255 237 237 255 255 255 255 255 255 255
255 255 255 255 196 115  46  45  45  46 115 196 255 255 255 255
255 255 255 141  66 137 216 252 252 216 137  66 141 255 255 255
255 255 141  90 201 255 255 255 255 255 255 201  90 141 255 255
255 196  66 201 255 255 255 255 255 255 255 255 201  66 196 255
255 115 137 255 255 255 255 255 255 255 255 255 255 137 115 255
255  46 216 255 255 255 255 255 255 255 255 255 255 216  46 255
237  45 252 255 255 255 255  16   7 116 151 186 220 248  45 237
237  45 252 255 255 255 255   7   3 116 151 186 220 248  45 237
255  46 216 255 255 255 255 116 116 255 255 255 255 216  46 255
255 115 137 255 255 255 255 151 151 255 255 255 255 137 115 255
255 196  66 201 255 255 255 186 186 255 255 255 201  66 196 255
255 255 141  90 201 255 255 220 220 255 255 201  90 141 255 255
255 255 255 141  66 137 216 248 248 216 137  66 141 255 255 255
255 255 255 255 196 115  46  45  45  46 115 196 255 255 255 255
255 255 255 255 255 255 255 237 237 255 255 255 255 255 255 255
255 255 255 255 255 255 255 237 237 255 255 255 255 255 255 255
255 255 255 255 196 115  46  45  45  46 115 196 255 255 255 255
255 255 255 141  66 137 216 252 252 216 137  66 141 255 255 255
255 255 141  90 201 255 255 255 255 255 255 201  90 141 255 255
255 196  66 201 255 255 255 255 255 255 255 255 201  66 196 255
255 115 137 255 255 255 255 255 255 255 255 255 255 137 115 255
255  46 216 255 255 255 255 255 255 255 255 255 255 216  46 255
237  45 252 255 255 255 255  16   7 116 151 186 220 248  45 237
237  45 252 255 255 255 255   7   3 116 151 186 220 248  45 237
255  46 216 255 255 255 255 116 116 255 255 255 255 216  46 255
255 115 137 255 255 255 255 151 151 255 255 255 255 137 115 255
255 196  66 201 255 255 255 186 186 255 255 255 201  66 196 255
255 255 141  90 201 255 255 220 220 255 255 201  90 141 255 255
255 255 255 141  66 137 216 248 248 216 137  66 141 255 255 255
255 255 255 255 196 115  46  45  45  46 115 196 255 255 255 255
255 255 255 255 255 255 255 237 237 255 255 255 255 255 255 255
255 255 255 255 255 255 255 237 237 255 255 255 255 255 255 255
255 255 255 255 196 115  46  45  45  46 115 196 255 255 255 255
255 255 255 141  66 137 216 252 252 216 137  66 141 255 255 255
255 255 141  90 201 255 255 255 255 255 255 201  90 141 255 255
255 196  66 201 255 255 255 255 255 255 255 255 201  66 196 255
255 115 137 255 255 255 255 255 255 255 255 255 255 137 115 255
255  46 216 255 255 255 255 255 255 255 255 255 255 216  46 255
237  45 252 255 255 255 255  16   7 116 151 186 220 248  45 237
237  45 252 255 255 255 255   7   3 116 151 186 220 248  45 237
255  46 216 255 255 255 255 116 116 255 255 255 255 216  46 255
255 115 137 255 255 255 255 151 151 255 255 255 255 137 115 255
255 196  66 201 255 255 255 186 186 255 255 255 201  66 196 255
255 255 141  90 201 255 255 220 220 255 255 201  90 141 255 255
255 255 255 141  66 137 216 248 248 216 137  66 141 255 255 255
255 255 255 255 196 115  46  45  45  46 115 196 255 255 255 255
255 255 255 255 255 255 255 237 237 255 255 255 255 255 255 255
